51666047
42726231
49262934
50204765
53865827
28903187
63800895
51403662
65760428
19171337
27952704
34882079
24933652
49320062
40922889
59272608
49377527
46300728
37847055
46299411
51090805
69593219
51053827
31917017
56938063
59328355
58493916
19428550
48320530
58434337
69093599
60003691
59658765
20269692
25967910
61244845
35126765
61168997
19969475
65790646
64629839
40852141
42008563
27211569
48173042
25183398
22825208
41215941
27313490
43704491
69964207
26213693
46054567
41671705
50147054
32381433
69502370
56821629
71522808
27725730
49220050
19466505
20968244
32650325
32237632
43390686
51557558
58829109
38868773
36512164
54779554
51941735
47675797
46137973
37995052
24343087
32561810
71791348
24965592
47680034
35361576
53869082
20581935
61927405
61424865
39206325
41960467
37456066
33987933
68759191
35025565
66914928
35800686
33059765
19945066
51523492
42240922
43480962
31374931
46810706
69031582
34790607
64140480
49950087
32349733
28767144
52211635
68983652
19327621
22307708
47841069
56729317
45793167
55443852
51849936
30836532
19139179
60560307
35387137
39762597
25202409
65199709
37071197
37155690
44932584
28958917
36472437
47516309
50114331
46171612
54956582
43625582
59665064
64931461
39637806
59277341
23464040
50474352
62273121
58232876
20147422
22202255
39594573
34451516
34616396
20396545
20153025
19980524
39945811
43380425
44334128
43977977
65591292
24517491
25087869
39508207
19001639
31756381
22230126
60434732
60800422
61685748
29188153
49024956
24676482
49241556
67114371
51371334
50906938
57006432
21828422
31614522
35039042
40348685
414769
23637863
38024991
24173785
45175861
46073648
50586767
28590027
39440390
33981642
32604498
22637554
21322071
52400253
31832320
19741926
28847169
47611314
72387
31562228
30417123
42912195
50616961
43322909
21600342
20968726
46304132
59364348
35004630
44499930
28402157
25108474
59723924
39598858
20112539
24166824
21975512
24670224
65629559
39556669
46432357
22325968
66259891
30772431
36079762
24538894
40544553
38789047
44090459
35048945
23482390
58542109
67223118
24815255
55482649
24707857
35804917
39547481
70652769
40783674
39486160
56890437
40676553
55926048
28990186
55919570
50070031
46401448
47834100
66589429
55806597
29569341
52406899
50886594
59881650
30384724
28415954
46830114
64359138
48335863
50906381
40854652
50345357
36444103
43218210
50701968
46422673
61012042
46439413
36370631
25937574
66100503
47037313
67215003
27391319
64570149
41764100
33983228
54560075
61235250
25542186
36981400
30487371
60553103
51402593
30176431
55960525
34829472
35225788
23260933
72701180
48700856
37374078
48402485
44354103
64479749
23246994
20859629
29263294
68502381
46073473
20248036
19361411
35056738
28329181
49285504
51557918
45355131
48214231
38573964
54442448
45805322
47923701
43143741
34014680
45086983
19247019
325507
31794229
37928830
55834577
26332049
34278301
43539777
22930801
20124293
50914466
589537
20228368
60140641
21410380
38599590
36752582
50614636
57486063
23208940
31683997
21536873
22602504
61037051
21733211
32852190
19271647
52441684
32783468
44553731
35615126
70559787
58767973
30124595
21775106
19944115
39023078
29614469
28324096
25935890
64720255
66441017
54937565
59422183
44709479
46610690
19076062
26574958
30618040
19717565
67300009
69469264
70039911
37589281
53299106
51487074
37146378
65209598
57589528
69943354
38970505
35395026
54859386
64430061
65243992
68870026
22687208
24118602
37103023
66711278
29220821
21016716
23915580
47724721
50641219
29272607
48205968
53083659
30353563
53000031
59204336
38810814
53026157
40628068
55380643
50454850
51259253
22828296
30192782
23035522
28440634
58692905
37030599
24663787
40887213
24423460
31588488
23383435
38366541
34726255
31961299
45548231
43593109
63949525
69903086
45451655
39482927
26141993
31304134
47655993
38590868
20446780
19810805
32917095
38142046
49064229
34274957
30772006
48631143
65838
55396997
21029973
47791696
59773837
45174752
22852016
46280277
29702634
47572925
64930978
20171554
39158095
19969469
20972835
20038618
53220329
70002447
50782654
52400125
26708953
35290927
35783907
23078505
47129800
39247171
26115629
47984591
27351984
35859913
29460245
21829445
51405004
19742929
53024054
40335975
37030376
34228518
24231177
35601679
23362610
64883410
71530454
38875890
29536885
39951842
24754459
26736462
19507460
54269656
44836867
45501070
45515298
24351012
69462934
31440411
68610133
61990553
64823027
30069960
34964623
24384474
20657207
24044180
31565722
20395949
65640407
20695821
44945527
44227898
26525069
28772991
28542332
46542170
24891309
68740781
37359354
51841131
23066301
53026208
51026892
59768721
19673664
52394519
20003804
60245703
51289363
22870711
24459501
41343304
21317328
38783220
46521119
20141926
45390162
52159571
19795759
26409460
37089496
39058284
22759370
25284813
47250910
32762199
22629165
64200310
37738259
21477907
64821930
33997147
52039257
55385131
69001858
39859511
52240263
63510523
39126026
35740255
62235394
59643439
57303470
62514435
63419601
46810936
24311980
53100936
20545239
23585222
25120019
34977184
43936011
34821427
46128244
19705425
38778300
58779409
59751763
49962019
36755027
60653513
31664643
34232450
49919368
30890777
30866542
43777516
36061665
19116948
19537846
25021570
50289147
19921286
23950027
39279463
67133975
29576049
25933492
28868504
55916514
39059238
25984621
68711245
40753318
21089399
23286343
34192658
20887357
54709622
69891915
57559728
30851905
59273144
59114067
68020406
61529881
20588219
69752077
61653521
26097344
44392139
71420250
44113867
51684684
70040365
60623538
71100146
65492482
58230659
37838683
21632613
67759918
50839267
49022671
68070519
36615541
73169834
380781
23760191
32449171
45802923
38274996
40699521
45821379
21124803
29199018
43664752
48483982
35462771
50153363
51131844
23245889
38711338
62661548
21728974
20112249
72683342
42911077
25132199
47429322
41258646
21488126
52307382
60231237
32509037
48446420
43263972
52896949
37523099
26524984
65300306
50505659
42684463
28500195
19910102
61406821
42981290
69109713
68053201
39803780
21442428
67451315
64876584
64620135
30439538
36763975
60232996
21031375
39157944
70340112
35357239
40793735
45132472
45030167
37373232
59705234
52710278
34762762
50914274
69682875
26139504
23830501
36562888
45184964
27742175
50786834
54412886
51720369
26873544
59933232
24415871
60668669
52733019
22110626
52780573
20714586
35714203
45547268
41356066
44565521
42027270
19735444
70050089
53428291
34058365
25922003
67440863
48584621
23316910
64756684
22861656
67689246
59148566
68851284
69974715
35543931
45149722
60131357
63503643
30400948
64904870
34175349
51626952
35202235
62521820
62640981
23062549
46207081
21082634
53690546
62022442
56972429
25152817
44857152
59790387
52521311
59126034
71181236
69333259
45555004
34617804
382024
69793106
59750294
60667309
68122447
41708267
38345053
27385530
19577000
72839362
60149905
45213426
45081329
47608785
29573262
53591129
47026010
60225696
43128755
20170343
20124184
43144644
72849385
41211397
65781354
48136075
37259063
31584269
52873519
61248558
31785461
67769478
39965319
40397659
35468788
22106976
36819744
47689794
70513139
65569954
70623302
20480288
20022691
31065293
23435883
46202794
19434416
59770028
25934472
19074275
36460848
32305987
48989559
43111326
26094052
51114383
31058253
23815630
70019141
30973204
25031418
36950232
19988115
45483733
20924870
50666277
22514030
49124267
67620965
31966425
25734535
28779523
45280389
51377315
41317883
21074364
53849784
48970084
54935793
34921963
42082662
24191073
58656280
42712768
59110220
147606
56849765
48144865
30214743
30681530
32985893
27475468
35730309
34613900
64320828
32185848
52265162
33330930
28816641
20220521
51982928
37757620
50334485
21567972
66429235
61904001
41657940
47703571
38997850
22272154
54441924
22748068
59764462
37827150
48681074
47329427
44600624
31506094
39635479
28815051
28771641
70212386
52405584
38582324
69112517
21268396
67951204
50470954
20129590
25649398
22746285
32896322
28342722
26759527
68310781
59796268
60941216
39803111
53297301
47006742
68351624
45140609
47080762
45462848
45663843
35437421
22981467
28443086
20345689
28946389
23335204
34293529
20048567
47960130
40931971
20430840
22073036
39202464
20833341
50749229
19295453
32719963
38429598
34925666
61792016
23497623
24152024
23036823
26360921
23586745
28873134
24201219
48553421
66241007
50069917
50954424
22751985
70429329
69479353
59431592
50920063
51100648
60643224
20988787
50633685
19877783
47959803
34040375
46215715
43831207
47107998
72069759
32324090
26175743
32762529
27722948
29732534
23209679
22574032
22179220
48217123
53298048
46030421
34268057
39968316
22826344
34281296
30212114
51054203
26442417
34974538
53402827
31290505
59328940
31317995
69904194
61708967
40868667
69360593
40868716
71322087
19153178
67560409
35202972
19569954
30192919
20547774
30372539
34270715
42650764
43207687
54820922
61013130
67109209
20569697
71800329
44303150
66582493
51440152
67939909
65702529
69570294
55525562
24234862
61393543
53951840
22634403
39721001
47110975
47733807
64986210
24851246
40780818
22065151
49338381
545729
32625399
64969193
66433571
66530792
59779726
60090520
36622541
37277842
38241611
28521724
37783912
41236058
41219901
46262181
25150699
31966981
50194669
36869344
65139299
66040643
26862307
64954562
59172030
29729452
34655977
22084192
40638794
48155354
61837412
49176061
60757391
25904363
56339319
25864220
24503479
33119813
43479551
53701137
31022598
43105824
59370303
25382919
50514138
42869296
22673061
37956234
23841708
50866517
22494663
22001283
32333673
50657930
36070824
31766198
34188359
26460614
69784572
24884972
28949511
25027739
41202859
46181788
32372848
42728280
25829483
69109687
59420426
37878403
45332624
31329271
70300467
70129268
37969936
43671030
38580901
51025906
71110214
67093702
59503897
33079187
65943332
40699132
52879721
67114810
38812099
50743344
58059243
37457987
32350720
42731056
51950028
36040326
25367911
31116263
53974837
45236554
21066153
66852586
65763020
47817428
24490181
53839731
57285891
43554289
20659653
47220657
53802169
20104083
42862809
42774055
45810048
59899352
38055942
43863127
20124253
47047343
43578534
28874556
66681672
49560937
65119838
75946
37066970
22314234
68506
32980853
38960052
71192657
34992049
27421673
42870808
26040921
36239938
42796868
30115697
19470328
66183529
64139807
40878038
28383518
37070780
24862267
64359144
69419278
19076253
35370862
43799362
37053484
51146451
38234360
24862422
59271734
55496125
34582814
27953039
46632201
48033924
47787032
34020217
35422756
32020239
22409132
54459451
64913568
43947451
25288259
51076768
60630822
72039518
60920831
48194294
49290111
40827699
64804302
22790682
39449989
50850430
62276914
51863241
23383455
68113195
48341897
40732633
50572646
47567371
47703822
45901435
43450338
50747691
23032235
39280652
19046932
24399185
20890034
60520082
23875798
61160455
35850288
65223328
36463411
39826194
20357927
19658492
49200720
52899157
47950333
43426219
24859590
22075964
68871169
58542519
39029380
21534468
23723844
49889412
50071364
59430729
56910815
25534275
45197153
34649843
39928170
46215363
40459930
71648
63451601
30636192
39629818
43586924
26520956
37052463
50838291
32250015
40350489
36603705
52219585
47980021
65130258
36540776
40241160
61514864
29196898
60910444
21928052
22350969
56797486
61848390
65253264
58818894
59689500
42083053
537934
23776855
57569890
45362457
23045257
23700501
63439083
51921455
45252499
71660421
69289461
44771694
32516852
28542308
66855330
70283267
67559946
71672559
52119668
45539913
24817715
32275527
59179838
57352093
40821686
21008261
22522263
24703505
53101924
48655393
48599495
39635300
26204875
34973845
32941604
24629115
39753304
43251876
41140425
70340598
68700480
22077483
44681337
68749892
27172051
34709744
20294770
23457767
21241980
25013968
26679623
57510162
59799792
22835678
66533752
23232803
41336418
23549357
70310314
23160832
34985840
22544041
37963862
44094202
64081292
53431127
19934547
60043245
45824333
40080673
39812632
68969203
56796188
25241887
48934635
49599794
28786078
23032779
26773896
50674128
52423670
48212504
46111915
36390494
20937589
61999710
32955759
40301272
51135165
41754520
43150601
56390412
42720496
47094229
24438219
30750212
39025867
25829126
31076635
21867657
22858846
36350631
20211007
31622469
27990127
46790699
67369090
47754428
47552941
23334617
30749946
35075317
42940053
37845710
40330389
43354838
69951604
55801185
34567701
20545232
29260216
57359157
26302095
49244057
29305703
31120522
21910427
19161852
36801731
32950158
47609516
59281286
27335884
37139608
51899902
22876677
19970245
20613052
70139078
38610133
30539034
21472692
20040312
39799532
21259534
44184579
21508927
32239958
22438584
22790562
45495336
20090826
39205820
39048479
70062498
27962399
70160002
68621544
67819310
22840832
24417650
32801638
22669781
60241226
24175106
41975185
20116599
21325850
20220150
24581025
50453496
33020310
39929775
19121612
38385856
24204250
57341965
28841891
27730554
24240235
20349787
21606193
22286329
19955587
43895863
23539193
23505561
61397060
67459717
51903348
63399139
31794101
48662112
48204344
44937230
50880839
28987492
59260676
30421214
28550839
44556681
32258977
52353538
19931056
68509100
26462489
42941487
39044437
21351791
47674960
37155567
67070782
45712569
32529518
51910465
173912
57601327
49292983
39053182
29349278
50735995
55470075
48725687
55505507
19429024
25962321
50399763
23072521
19284886
22629477
24134969
45309323
39712394
23738853
58872343
40909163
58241558
62371186
44244426
67589813
37903600
28388359
65633710
56049257
47569436
29421537
54842367
394663
60825783
50416009
26812552
22252252
20097510
26615545
28707632
35534995
42707745
59181652
64531201
27903995
32526807
52150262
19726432
21949580
20989326
56013613
22888868
69510390
39636247
50373975
44861450
66389748
32966936
70379474
38721436
61686661
20850791
68693084
25282478
58069622
58201030
47133045
26327521
71119570
19991758
58683281
19998777
26499889
53354416
21704105
65033329
46373685
49032497
49989781
24908941
417764
19605851
39639033
22125140
30116271
50797479
23357487
35407492
35162243
24554114
48688039
34442436
31777591
69833766
44610089
26761407
35591917
38670012
20141283
62639216
37483892
19491035
38815943
19169411
55813579
25728048
65641609
48380344
52325297
22876280
45345421
44893807
48634081
3170
49709594
47093105
49879356
24141499
69913091
39298041
41286458
47643442
44299131
30978820
25954076
39898322
31183387
56311192
52294705
23553397
32001678
34284542
36392911
418750
22299990
34925186
39005537
21684005
29119689
37116641
22126508
43410077
52856132
32254018
20626506
60618452
31672179
54350980
55866617
20453568
37022558
22940756
38261737
66854523
45283140
27932657
23061450
38170744
34294593
47342296
62395794
33991525
55446148
60708528
58860395
33410727
47550490
35982079
35466823
40542392
60003958
19977775
20184760
27344366
29297430
24220344
44883779
35740247
22079787
41224359
20022374
37074807
28864834
32269528
66292650
20461580
21759553
71730872
44042246
48059124
24108481
35950807
39766603
56942736
72039291
23569036
56337925
37959168
63675
20163797
41746275
19365214
37507447
73129245
47565175
21920156
47499701
70602274
28978128
42678089
50707624
36691073
45542499
42672162
19320727
20616977
42782875
45750265
44616316
23187809
39859733
27302511
24025712
46135279
23049340
23212493
29214312
54981167
19949604
70080967
20540906
26402587
43537382
51773908
492943
37059353
46304969
22873704
38231030
35891715
19935615
40861536
46271021
43354879
49923139
51780535
63473948
67859123
48480874
42910304
52796231
19852534
21624902
46410377
22139579
61720732
39647782
21786747
19752847
23173425
59670705
25470565
47591823
59982190
34836029
71492655
53150537
53720906
25387017
66009226
25038891
34225068
40071797
39880568
23544009
67489628
31853885
51136345
337528
20452756
39490385
39833010
30753311
24131921
70799127
26820126
44626234
26760378
41689515
45545888
35571223
22810737
35513227
60697772
50278290
47782601
35872732
59373348
49300722
70989177
48066227
41195874
44197795
46322530
39855030
63618737
66841041
48712379
65633896
28357393
53469092
31469332
37354338
68699946
47342037
38769862
34301423
30122725
39038864
28580199
19704713
23184332
39246308
543185
21549303
20736014
44715354
30623190
38273850
57294526
57322189
56970637
54269863
29789384
20999168
34900811
41286338
185995
43706095
42660747
68370214
41707739
40937593
22983727
71521093
51319463
69039422
66732606
415073
53870662
19380494
27832620
50620382
20284437
45355512
340438
73099462
64847157
62574189
35332746
65610799
26145132
43675925
49333353
28570717
40741546
21327007
50331626
22683483
40441422
32354667
19052175
19658890
29370551
21461701
25174231
23812511
23193949
64819484
19374503
67103197
41275407
26099930
48638264
20084675
30126231
42785173
34874917
36457704
34956406
70331264
67951075
67223155
23889667
47124556
69462122
36766400
54362116
54961029
46061451
55819623
48564108
37478711
20781104
38149636
47752794
46351150
38080605
37854215
52810208
20615047
43980775
67519156
61956058
27294095
20583799
19594913
20749407
48608595
72450711
19102433
27661765
36408291
34096030
37921815
24343097
37306908
59201067
69521403
41701386
443949
32799880
68121314
19907978
44683190
41326129
43520745
23465744
31956895
39791839
20234192
37629318
20818504
21777487
45361864
25964802
53093665
29643927
34248112
279655
35432855
29454772
31989887
31669991
24895074
60253787
23135794
35312701
44094269
22944679
22772387
54281876
35265331
32525821
21061417
51619947
48963460
34960409
39299947
59709796
58679945
29527410
46150571
52400877
44504862
70989335
43656600
59756511
55424651
22709964
34730766
22653063
61214255
19210105
40680812
39491641
39829895
44420414
33371131
36431662
34304369
37300408
52211371
23342747
37537555
43196892
23744429
54869038
23976080
59394447
42723809
44243362
49880840
44392536
69621245
20355839
26195174
69049876
40712108
53021858
64867522
21023449
19422590
40309649
47465862
62159470
39751850
39625302
46297094
20940574
36442241
27099149
20121421
28428096
73021334
20019358
44510941
26333404
65389268
24279424
70550562
51397975
20521423
70640748
28406989
37756345
53763828
37787780
50688679
40266884
44049691
26059974
27386353
25024777
48445978
26704839
25853790
41338331
24707994
29254160
51359645
50687638
46989506
45609253
30303793
39179551
45409130
54983659
37906807
45555114
37380913
53898025
49302918
380572
21446057
35335356
35703762
22301403
37807084
28549544
60551027
24495591
34684692
21599510
60569767
36540965
44686568
36051350
47863932
28400184
47004509
21173514
37867828
66799423
30280141
38681620
21903046
34943056
47002696
38984683
41221301
55824185
23889241
64089239
51675916
50133935
37177830
24859967
29161024
65533300
32287885
37235928
61767683
55373531
42836384
22465447
71330744
60161666
52707436
58179877
22508233
314609
405752
32405647
42190596
103576
47135544
63527577
44067226
294662
32207258
27931756
19794043
65621313
48482134
38312074
25600847
50104462
41330397
28549859
55925380
21341064
65389276
24414026
23232953
71710976
37946872
72691177
24914132
25148436
30961025
20180162
38722691
37902308
21626138
20399620
20151525
20399950
36359860
19492362
44828357
35376249
25061268
20332082
52450458
59063183
24507866
44619209
44384734
45573593
20054240
29231633
20010956
55847644
50502378
31433993
38324206
51394790
30944511
38342248
54915504
55689633
59042147
29293546
60780066
64766257
66383106
32940588
20456056
23620034
71872221
38331832
30084792
32042536
24156980
23725568
45624155
48051693
36845883
22054467
56019157
51718781
44693907
64721694
50926312
35445186
28332680
24043508
40413031
57550795
25084991
34587619
34637466
38255979
34682384
71171303
321398
67213117
65653920
33982631
30540307
21497308
35842092
20280406
46382904
34596208
31131508
44187897
50645919
37252696
23571941
30014378
45849142
34461861
41306092
34663185
25127945
21695139
26361219
48583842
25246710
47500208
51036725
36820512
38796650
30457033
65020529
69761546
30121313
28500804
24843939
38381781
53809172
35741172
48117236
50043310
55441284
19819384
50154585
46225832
20087255
59924029
58161349
38015043
71552366
48673983
50724165
71202067
29442711
60521016
45429979
23768212
29251800
59833171
52091499
51167211
23112203
51019272
39810983
26097253
39640509
51622702
36778639
23749291
53863786
29287075
57385566
64964236
66181853
51747186
47157029
29395367
42120729
47109571
20798066
36705935
58439600
69619664
45679806
43147249
56004525
52431498
58415373
25195558
44125672
21976698
66639205
117822
60681489
70181848
69943617
67883124
39409722
65601377
59989915
39265787
23199692
58053000
19794856
24414586
60569830
64529242
23641090
39538112
42802454
20086734
20001197
27222292
39956585
23051208
42070451
41216238
47622916
50470542
30070483
35274238
51699672
33448
51578709
40824869
20699122
64961208
57039178
57560582
29222037
71190755
55484569
71299312
44732903
40977591
23950174
35949430
58370689
96298
49709607
68149191
29060291
41334680
32588109
40915230
24714467
32456417
30124009
20844755
31241589
30383326
53880786
44490957
24723132
34502103
48083052
69460908
45473669
34381944
45002977
50934551
53000049
20118735
39543129
21706176
34391945
51480276
43153302
59687016
24279683
49258324
52060341
31722611
45380965
32852230
25207280
48352877
24722425
35740279
64898009
35727839
68930240
26204227
28406672
28467599
21850288
58706158
26583360
22154279
59929823
32555548
37286073
58503453
60307091
47685421
67029837
70199347
23322450
49188328
38047837
61663880
49352612
41179869
44906847
21662198
26207693
19174893
19622548
22358862
65150642
21051764
28772148
30567027
24894560
21842156
64781077
32590521
43104854
19412670
43350026
409543
42149447
399380
27767895
44543358
22838588
38806899
42783394
50605374
554142
31407066
34704477
59837525
48180449
43099587
23818363
42892217
36131822
44936812
26076886
19774715
39236534
27193644
22344421
68953751
60840992
50198205
58513060
65870466
34341474
21569834
50730193
28919445
66430206
37291592
49173364
59280834
64429280
46376768
31892599
69931668
22672734
20894936
45719466
46075664
36001674
20467346
32505957
53669370
156201
37857740
28450804
19393209
24749694
35739145
28676692
34059354
71789472
38865348
53003719
69761835
58070901
43730219
36079563
50237892
27233877
51532331
59962405
26180532
67289144
45738618
45045274
39031823
32233145
49174770
56752556
42889551
37539482
32964082
20147700
20881310
20251377
65849607
24280554
41728931
23705667
19009419
26111385
26128451
34536007
40906774
20831470
61484786
27763425
57459011
31759315
50011102
45578522
36952200
22730360
19943025
46414232
73119287
21031177
32292108
24524633
59114782
38248661
36550725
25923662
36249720
47391225
19862252
38358367
37516181
69573445
62388418
72761217
59322333
72380123
20768527
39962270
44919046
21925695
19952051
25278322
56978011
23590573
31815396
34109617
44902399
21305901
19872650
21754788
47125377
31323284
52261904
38479584
35411719
19270034
41220659
27716890
41809131
29202522
19809824
23536311
58142726
30512630
22265550
55149677
67194265
20186472
40717687
19219109
35665143
19046502
20995260
46434486
41271293
22129960
31102929
35651858
36521742
38063519
20366879
20365407
34048674
30482535
33121890
24477824
24240178
34308571
20809430
36039421
24758783
55400542
63584506
32273337
67599568
34575497
55458198
23901677
40975865
27412922
39225418
24621886
39523586
41777804
58743677
35461715
68300125
43216398
22717170
63459690
42665111
298608
35781177
47300072
59359786
46623472
498560
39609844
33350265
39185667
47444311
47262638
21483469
59744198
23591787
54339863
59429330
59901082
34862107
66985310
36405467
30244480
47004591
41669748
21706952
24055828
19273153
38771928
43139920
37426044
22866491
27684780
36972094
36121637
34044440
19202656
70989202
27262833
35260471
35005063
25190020
51489072
70210000
58594236
39017646
38844763
299964
37317021
31042093
50096658
38652949
61102299
30941842
34112565
57059146
45372813
50841072
22934713
24682214
62582607
68520737
51512708
28632060
59166827
26309415
54957200
28723792
23142572
20056808
46167969
23230868
37059329
31600526
37533263
49324457
27779810
41243946
39816303
51229388
39928874
60114716
39917147
29261022
39970760
33319815
29642619
39990718
59862331
39800930
22943444
68840861
44897885
48023002
49282724
37289056
36940676
66283849
41696412
84212
48440420
39547833
44711994
22079161
31764905
23685041
34901916
47779169
31546848
25804347
52317585
29711211
61633699
37791855
62544180
35451649
53156270
31537220
36824240
20291496
43096699
48580026
21171852
21239275
30367138
21019533
49044491
28561012
25065680
50692290
32641359
22361898
64321242
58903167
43040193
50917041
22663022
20434926
26805203
65131636
34665610
19327506
34952242
28699355
25345428
24565410
38345708
38817783
51581708
43370651
30357260
68121142
62092022
29170830
22152046
43082433
21385274
50793019
21630836
43510052
69690540
55465074
45756388
24466647
66161226
56961305
64902421
50591698
50403203
35033295
26531989
52681210
61960529
20894777
41247818
56886240
44872545
64149768
60688857
59733838
52434866
42662154
20717099
35601421
24527366
70523533
35768958
40653786
44178752
66761908
24776741
28249477
40940145
56593663
24803956
41683600
64783166
69173084
28680540
43774034
59273010
52291711
30185159
20279081
26165051
21786910
20847057
23137151
28356962
40298622
30613999
43197048
60219892
47031018
34794908
38693414
41962696
23509634
43115256
564354
69063718
45832354
25903391
59202729
47322446
20342405
39212734
47588373
21962208
35219511
50918083
30866264
45028584
24348553
30956403
37062997
35087107
35265344
45771423
34061367
52327243
55364922
30039973
22993874
35289496
50423107
34856059
50201965
25924430
45560307
45482844
28707899
35736260
32729196
30387700
29285162
35789656
32037204
42730554
149188
38589450
51573963
25367625
58173406
51120504
49930514
45564955
47489196
60668282
37982441
64790005
51575738
28679272
32543230
20530710
50900500
39261475
56809506
50792611
30524897
23845266
64833986
21341112
47465021
40970270
62663074
65303183
65773538
49561267
24567396
55948339
59296325
53379363
48206744
21081464
69609303
31797286
64739538
21448161
59570563
65023327
34602582
22520136
51442853
24518324
47546725
28848193
31771712
49409654
66643062
124718
35775892
31266299
25423502
64873875
50639294
43590956
48112022
51101824
44814557
69189695
58451995
54342839
63522991
44932760
38903177
50940279
50196629
51861268
39782161
59994939
66248
45112441
65423751
21833593
24911280
68570348
67220444
61180061
66031785
46366181
45609184
39177502
38263081
36827723
31203101
20297365
72512130
36589802
22200381
43173256
25746109
66751200
21036931
59531692
50967608
52447012
30323339
73169297
50924312
73119594
48133095
42852995
35721860
22189051
50967427
40928956
22334892
37267635
106897
32570102
51163659
20269045
41982648
53487795
37174644
33120028
24349726
53689595
39095913
60174653
24955857
34471109
24234210
35687573
21303062
420894
57323729
41351848
25267709
20467605
19991356
24752393
27860348
21263761
35631418
29049886
308119
51501168
19087521
24386278
68572495
44341318
53131905
72839390
21028386
19660288
580319
24858283
36385245
31625940
25344080
24463666
37303947
58870372
26134163
24481438
49229025
31939223
25134111
24482128
37432408
25501491
36841274
20074716
39553807
27900205
21828466
69379964
34677142
46155646
51106578
39939484
41691963
32608791
27415780
35533974
66692801
29029222
26065162
36481836
20972934
29570465
22002318
60041606
35253845
27470596
53026410
40405982
49060908
36563736
19526786
64978526
42035629
40092400
24710434
23483133
30529432
119508
64769526
47695777
29432801
61612013
60145739
48633271
27192877
53857536
69509627
71469374
39268345
48594258
39092408
30859970
44961383
43817066
35416305
70322254
19540995
39099653
51482847
22812741
51820960
53826903
72529208
47617552
23646990
54971595
53277046
32751327
19190109
26857278
35680911
22433209
65600419
43258093
23335470
25521429
68713350
30910349
69191674
25157200
50001239
58982279
30400219
45989635
31297799
21931263
24241336
47733219
24541334
23260097
30604259
24022393
47048906
43990533
35771858
19263585
37985605
24933956
39774026
58163256
44636310
44782729
38353407
20303325
21309370
47864794
58434787
29140055
35375552
47466932
19881194
45242335
42814994
20947057
50274967
26553351
34531506
38181566
33999507
37083906
42190494
54610217
35370393
50974933
51064458
56848751
23936197
47442447
48369891
69832351
23865726
31157815
66734940
30044376
60052417
30107438
20118582
36806499
24632916
43998042
19002903
59172484
69842365
56436162
37231660
24219451
66629220
21191711
37254321
39577916
55332405
31024295
31916940
50332569
61546999
45391642
47680444
39024860
49336792
24422471
19034036
34101801
31730004
20373038
50823476
53358819
21249265
64860497
50873505
46693247
19473268
58432762
37871788
68079087
22184502
21009947
19262671
24529045
40461660
31071376
22305543
37152066
20814420
65699985
70281442
72849152
57461612
72881046
30573893
64510538
68601783
68901775
64727348
48720900
72749258
21420255
32638646
39948342
64892069
60724881
69943062
32694894
70621292
24487824
37414385
30019504
36761338
37771582
26661484
68021753
46790065
53006514
22335380
32792502
25767406
27931009
26261017
39480609
21616534
23174598
40315985
23002586
47529551
60031014
26405732
30207326
19841630
31420650
31198133
33029079
20254255
32937322
52896135
49989987
24421662
41750910
68910806
42111203
20373569
37849357
21610300
30093114
22345453
25173369
42003591
58624630
43475794
19952837
30867810
30269221
46295330
69381339
57361176
64980577
38702783
47641766
35174223
20143105
40681284
41767758
31562167
21394805
51587605
21182588
37272841
48490593
25463857
56829964
59173237
44510397
50858675
41726157
27861956
70340330
50979947
71020420
71090470
61927269
24141156
40401449
48601184
38326402
44796897
38664446
53918914
30606659
34181303
38684703
28692846
19052244
26810434
46989461
34562886
28725176
50609365
45782194
39920846
28631054
28899773
47716240
22965349
24021498
40499953
44238954
22965387
50020866
22934356
19045569
51614660
28847509
69202659
21531128
48468738
51401929
50029569
55931789
50177732
50685400
70139809
66843671
32649235
36939595
68849649
39805494
39573665
60201726
68562291
19051318
40836319
63622785
46751656
23192537
59471359
31543189
52704284
43039404
60679752
31751099
73031413
24438020
54998004
21021277
40759319
23450510
26533422
50703035
42851846
24949824
42046857
26584557
21852899
21290343
36061835
49122249
26396412
30221610
29689537
43545987
53886975
53896720
38233528
29743618
39915456
58471347
67950031
55169078
67019300
62029443
38841138
23164948
24088446
43401523
38761982
55159324
45528753
70499758
48608437
21555108
45544716
54400390
59882740
37858970
32461043
355091
69864010
42735580
20202728
39997965
22938935
33329946
22001990
45729457
25043031
32978728
50617593
45430875
31752595
35667810
25951048
20188939
19287348
20966713
22380423
48029297
35664336
58909533
59180581
52294397
43501534
57149688
32592371
50794461
24096511
27319307
64861125
55529016
51766994
21965985
39622589
42689598
42813617
58521901
64914844
58364547
21459383
24683630
20776391
66965813
67719232
51519790
50692389
21221208
32955752
59679205
37935096
49276039
37790142
25713669
58589621
36760891
41655071
69763763
22660858
61766856
69993577
54956310
38986375
23664072
37458417
66162986
49235532
21128949
68362350
43870782
25310167
49354218
57739522
31284584
47503090
32607251
39119570
20967583
66149269
44849020
19463180
34330257
52341901
37357274
26638771
69609367
43816381
54951155
64809357
44623135
58415249
30239943
58648138
20410213
21658020
41881885
44064823
31443487
40231419
36710712
37619689
46334272
36737862
50874721
54699822
66250330
31831260
41951059
35350462
44005808
47091791
38839281
45153354
23821104
35128813
61759441
23510658
23208323
69732183
31541615
26263995
19695636
59836608
70039330
50975169
40180341
37746140
54430898
35249561
64410370
53384326
30478565
58756871
30444733
67659316
68292713
41694523
25433240
66049929
21868223
32594009
24443475
19356986
51703131
19079703
26569613
55890847
40767350
50599528
20001683
23840674
48065642
20750674
21946561
45431426
25261637
37773998
63611603
66530337
56874704
50712954
44871857
66984601
24237232
24553986
20205494
55364453
39155962
43313370
41339123
51569689
66393177
39161517
38881779
52802096
38665325
20700044
61636938
23644622
43762874
46422887
26543360
47291389
61103426
61241807
47531971
51973054
29010330
55900626
24932368
24421326
53968920
38783927
41942723
58793992
55328551
50309107
65622860
62339088
64889599
38385638
40531004
60747963
48461842
50940459
64840747
46769211
39682879
46161409
53959241
49304439
57561502
21506101
30951418
30030680
21121119
44018259
47774909
32246796
19692268
39590376
35991242
49345456
54461064
69983425
49040268
71289485
22793945
47240510
56852031
26875310
23892317
46300203
22039710
41280120
39760903
38818948
32665137
37376720
64609573
56998377
118728
58540271
58759741
43129075
36334199
23117553
70979407
37120917
28640061
24395834
35676319
34382312
34128595
44731612
24051805
51160425
55968280
27911451
56803562
50384623
55861853
34250092
30057636
60621938
44600045
46243064
29619874
48110422
66984815
29254414
39514461
29171509
38287347
22883696
50836594
23789497
30629758
28765494
38021893
35679623
35294267
60592019
36941226
32909506
58160838
50597876
52381583
33059135
25425694
54785627
49377462
26563511
56169154
50884708
29651648
45386125
51081222
41262245
32583392
43853500
36773139
25919794
34782439
433326
58424358
49212647
35782912
51066047
56300802
26343108
24949979
40080191
42701007
19853738
39962320
46739171
67005796
55939075
54410733
68310807
45194220
39682799
41212287
19687543
49710445
24694806
19272939
22538015
53329310
36815041
19854863
19393213
22058975
52774759
47596477
30383186
54411136
65005644
39890781
30925382
68320306
64720603
53550310
45811673
21090113
66343012
38284689
52401599
43960459
50571509
28994671
19799915
25908169
40987583
34289728
23498855
51084705
39942054
23932047
45687834
34670050
22961868
68522845
46296594
40350737
44326854
44267781
37816234
50978594
23648692
24040888
59520580
60212135
26678000
58749717
23414937
24628018
46198165
31680152
34353921
48532375
31225780
40129209
49441329
31299006
40352842
48216792
51472545
25183906
57294646
22840621
67450785
47811827
50621103
50914257
36689589
57299676
44671150
65799696
50771825
51483892
21659416
48610637
313520
25960965
50582
58762904
60240371
19508525
26317066
39016503
50831097
45173073
31472845
35793110
44341676
28129535
35270534
40771142
45810564
30945461
45644843
60014765
42101355
70010287
19106555
71190834
60654526
59741488
22776358
36473711
31609589
69940747
37122828
46840482
59729718
22678269
38795698
36472819
40967506
22056628
27393106
45468039
37753557
42762149
55649590
66989338
40302731
64727298
50773903
38279848
63587631
58759325
44287656
37480828
27120865
50887614
33769561
61123969
49343359
55310381
44228770
49230403
39107166
20589711
21200558
47722442
45810241
42746797
23931085
20450875
35891878
24813648
58524117
40749062
23102752
34315294
65211041
69669335
30455010
36367460
22469723
35656915
53965331
21191882
37306330
19497303
53659618
23602159
44864283
62799452
35395381
56506652
490337
23751282
57321879
48226064
42091461
25200369
61743172
65772189
26254154
51638718
19413228
48691096
226643
46613346
69913496
23946654
52959155
43833747
52388843
20656964
49321717
44090276
53164764
19777313
71409128
30387511
23103000
39063800
46099485
51122045
44116771
50675607
36081850
532404
40890464
40709490
31679593
31471155
40828675
50709555
57011870
35016863
50492085
40923550
26042175
39954240
44168161
40180518
34893540
37746785
52284630
36524738
24225784
51160738
44693436
37496366
48940976
56808988
22630026
36582682
49911952
63539627
45256012
23369076
52261347
52322388
48134895
34782400
22365745
27292515
40740384
52333331
30427915
64459131
64139906
35235117
44957021
37078054
67176216
48594377
62351835
51428127
21602946
21784094
43153824
29190089
28330083
69994293
36000136
37096629
43333676
24824748
51630928
27749488
23655334
40036576
23077412
23774961
50976002
19955928
37440092
40384207
30146570
22589591
26375174
19658443
22762488
22915622
37385285
22317794
27693542
34088436
24742174
28707004
30703231
23723406
21632900
68779104
21464918
21850976
65124569
64774034
66543884
44138138
39536674
66959418
21184907
64750761
64739753
42779585
61262372
38023595
53760258
28179618
66949092
23160704
37365772
60126399
66775241
19444899
23671206
248038
66059639
67830678
35693050
47822726
56807721
48247330
19490584
23222573
33689159
19847156
543514
41744874
25463496
21044389
38623624
20888500
56516922
32023575
31316437
35952661
22058548
39485255
21479749
29517631
41954700
70989275
30422069
28861112
25040806
30339609
32524171
44500253
59837849
392003
26191919
53816454
49244578
72160927
40414892
37031197
45542906
37054314
25370690
41774928
61597564
43987581
24403029
21829779
22151018
42813213
19616371
51805370
46309616
22449596
21170488
63999405
32362950
20039624
20594768
71919241
54410424
70999650
45435629
65253933
24459512
65310152
66172931
24886815
67210772
69231163
62071269
29361920
35718470
36841666
20697006
22019873
38796468
23932155
23602532
45379307
51018856
34197605
54855064
38301073
24840627
51473756
22219658
47992373
22858794
59952840
37767096
20393447
52887131
20004576
39786596
39602708
65423287
31276197
43643929
67119141
21254314
45990057
22663511
42034855
28039208
58631766
30073899
39836341
35561868
24914136
48709614
21893876
36337231
48465306
61233246
70532897
70439703
68610676
38679477
70122298
19969999
59289928
21292550
47612086
45416188
55813847
24121765
42070904
19966567
33421500
41249908
21098591
47352373
37786899
37993587
53024246
36704252
52806944
55440955
50970542
53411434
20308693
34274581
48542342
20308140
52801569
45941061
50139204
48090818
54299515
24732764
28787725
62238665
50482632
64824660
66775258
57701373
19986201
48727058
25737226
44684193
48124087
25388690
52109363
40241112
69733030
69864130
43592440
29654234
38780370
26679822
46994993
55408380
26858650
72611870
55372749
19838509
44730761
28929950
22468862
34852413
19847678
67399508
45543659
69842513
60169510
30922933
28169684
22409958
41723092
47792521
45601299
64723890
32773125
65810176
47568381
64741849
58707458
35859211
47545092
37991443
39840251
66973809
39641061
34292696
35494947
25839816
59529264
25590424
37459483
70349647
22640586
70373128
70359660
50743893
23544672
20422282
64490097
44161608
32673290
53906460
25343176
60115707
61437615
31146544
58341958
62969205
29217695
20995548
34747536
34238581
56363559
21787232
40005227
24889983
34604090
23050627
49002538
47697778
21119789
21221073
140721
21931138
30472062
38615640
49353588
20945136
46740701
50900856
38629932
21408438
32722522
31700322
30023154
20069053
59012124
30152662
30772029
34834270
53287363
42889561
22308805
45114185
48182248
20525185
21868379
43554543
57517724
55932665
50780525
33330974
25803880
52241411
53266166
67091523
66670416
40984400
19590579
57010717
37314990
35940244
22230248
41653245
207198
22177602
19770311
24303557
27223300
25186
55900230
70139585
40319507
50879539
45541817
54994039
35782230
19753429
35571396
30884574
50030134
31838047
53332263
62279909
25641304
41194234
44412318
31790679
19479928
38231911
56925716
66443793
36101454
56978238
24466550
62238194
51077527
65073754
45769581
63435973
70223251
20739368
58689175
53049202
26372606
19208533
64800183
66800424
27922556
46580790
64499531
19404363
53117123
69143496
68911763
40036267
55392574
47683027
27795411
50002184
48056105
37523078
37351527
49940993
39618116
313439
24271329
25844793
34043901
25932486
66650210
37756843
49254015
50500979
41988305
38121029
30474690
61466782
33339423
26162276
56711502
40634557
22980797
37350512
19100586
19126490
51003439
24638001
43600219
25050794
57009056
22560674
39162215
41944062
45399271
55996028
38509483
52884174
20673244
38348731
31404832
25184904
27999106
67989662
60329190
44561114
50472738
43602747
63529149
40691962
24827404
41211716
41280674
52452149
20404125
20541153
49992325
23151726
37500040
24540367
65389289
44861342
51042852
21887219
22913730
65939168
31266271
36563976
44014000
26393863
52030468
24863996
43456470
47479492
31577472
29265265
19778034
26045536
19737870
20652446
21174295
30877708
59202848
59680944
34339084
36740208
24979380
19769080
19769075
26687836
71990875
34223978
59122731
23427686
22489307
41704423
31265753
65160274
39623570
22774574
19321925
64181310
37547592
35791486
39840053
67040409
58992971
68729878
19800070
31093200
42776494
19219220
40572239
24388270
26452633
41795581
32390474
59431744
26625320
36364726
42791702
20202937
21283511
43139571
59532468
40627873
47531847
35324327
28832330
28478127
21971790
22670922
24526919
24541132
19925528
45547998
45000062
39851379
71371012
38375081
44918818
29749368
39003862
39791292
68380012
20050422
41261297
19915812
41639124
30603185
19831664
60246896
34554431
50600460
44242614
45553422
41786326
34232018
19460401
43313094
22127207
19637977
45246009
69052905
23555459
20674439
25699146
47249327
44482719
39207995
41926805
48420898
53927055
31687393
31562560
21386796
60255386
37052162
35068325
42250630
25202686
21311613
65629539
50270139
57320240
67720261
58441447
71710963
50836110
67311052
47723744
21478921
52985258
25961697
43482224
66534013
50614738
30394033
31420527
30381529
31124011
37333890
30888226
51515235
37380699
59029408
24535687
53380092
25234707
51781919
44521684
46850503
204220
67830677
39498646
36259425
43831347
38623293
20191778
37311394
44053762
31668436
65031425
45587107
65250616
55963989
54935891
54139
20201015
50253228
23237855
32014723
44961529
46011798
57259855
66874202
26686395
68023169
72410074
67205456
95486
35698619
65021892
61172274
52456747
63684909
46245293
67720074
71509559
47342244
60684437
60299471
31995853
37296151
38792040
46206584
19901815
20395407
67136069
39289133
36081494
23131305
49306208
23360885
37929056
31728023
39178264
47676993
59281645
34507791
47455158
20187328
399774
29203859
47310349
48680802
39743206
60753670
57381744
37486266
38384572
344211
36189630
34295211
22874536
53103506
32743698
30146853
19346892
25835664
39002037
50792050
47890421
49190600
45073111
24667520
51648627
44653577
21083358
20868255
30131546
44511913
41356785
59767501
38211883
35105942
20541492
46432774
41301182
25815688
30113445
63480807
40905246
28703056
61091664
69553554
55363050
68639879
52842993
70629753
22051659
31589094
72801065
70552022
57382325
72741036
57581409
21081941
30577618
70130157
46591428
37478505
31566036
28860556
44175056
42826211
64822894
21589486
23981828
45822117
69783705
31059465
31927817
25451408
200599
25395664
21107994
43786412
20446557
48638269
24814840
65019867
21744687
49789843
22029464
32680750
30964546
44653422
30085592
22823926
38995388
35757728
47539562
30663263
27785761
56838112
32319633
40790406
65182161
35466682
60102559
40463719
69302333
47473621
324948
113812
65853039
58593494
48660497
47097705
21479391
50779824
36709897
25343000
35602566
36380398
57760106
64732441
40572384
22449178
19226760
43419901
30052612
33371247
35415249
34557966
38914319
25318869
20711445
55486656
40743945
62614190
46148330
47693365
41342740
44807558
55888291
48135160
58260410
63653740
39973474
70410327
19106228
69342934
45879454
34007087
40298912
67992949
60122354
22478272
22111773
65862754
45656373
21304799
23911177
29371000
25742402
68939508
70003236
39810482
59400520
35126661
67229457
73119658
61313250
51721229
54441874
35489376
66159775
68510416
68302747
55447168
32769732
53290939
48132402
25759261
66709101
49890092
21679720
67330113
67023674
47252463
30085710
27070185
37771241
20661027
24307627
24232612
48366949
30209410
25470024
60317123
28814456
30415679
23350734
34629706
58752779
35335193
42991100
55902798
36411591
40869770
25134922
20113398
19960492
43090330
31404589
31487238
30880412
24128626
40243679
21157595
51139902
45014340
44363938
20952233
52341314
40955347
162129
49059693
21522234
47622407
63809085
50451759
50791368
61001646
38758944
28687673
51649250
45507388
58092336
24423004
23850605
42911405
21114845
65419352
59253410
45656077
31106464
20123658
66332960
31923489
20492428
47711858
39231227
61021443
38262740
51999476
64239209
31484030
63476496
32582547
56436374
35715985
43343884
24159923
64792341
42751501
71592130
26715361
21419259
52301361
20765577
28673287
55513425
55433393
38802154
25513925
30800212
24158368
19475196
40007137
34032552
42120320
37385438
541275
30749142
32361523
19053186
28953280
43729646
58747156
61713807
37360399
49520082
39903436
31839808
44966537
40161199
60069766
40573636
66032421
67049368
65999132
44484166
50733879
70252579
53351850
20559972
40714178
69831525
44881705
29618769
65893524
55331634
49214071
38862078
66091092
68799134
40702861
54920051
38022720
43227898
22995937
31435106
31273446
35716274
40626282
20373093
20870732
26622363
30839830
51011198
50429299
69864572
31055423
31510276
38758316
29759463
20479950
25148466
47782600
36432796
36604613
20256085
43867224
27345735
24951228
46393746
20505965
45101564
24546736
68069132
71090819
71643117
53383316
37134526
69964281
21286544
19415114
28974463
43990118
35043975
41320580
44394267
55353329
30316850
66229408
44776875
34814619
221301
32680003
41916059
39028828
47769964
36487870
64840580
52726165
526217
53846492
67173236
59264954
45444906
20757721
30124263
20947211
45992797
34921574
58183115
53950025
40122207
39084113
21221038
36753428
47045354
47219230
39189789
38850506
48317717
41968578
52374275
72229158
32037570
31584272
37925260
46579375
38330947
50895058
35852522
62296314
47627817
27774688
20176083
19957758
60703018
48727228
22196986
22893017
21001025
42725291
28790467
19564547
25241425
40248864
28444524
34020204
20767572
19482541
23806303
54350479
39157159
48411480
36829554
64743719
44703564
60930288
48029168
66559981
60413580
63455043
71299180
45643583
38649924
57600929
32452195
33992344
39734216
23412483
47459047
47813696
49338592
61950376
54867625
38038338
22723692
45025058
55984308
39936406
30929603
42041209
48133561
46642131
58690670
40189122
47462492
47231567
39791920
62389807
19274267
46411463
21740184
19708765
21655196
55800817
59981367
31490800
43332180
49061956
32314514
43140622
28323265
24561715
50981211
36533720
35730789
36460098
27850926
20218946
64864254
47001045
64786989
20360354
41918818
51787414
21008468
52333792
41310824
47097313
61848648
39256448
22465765
69042998
19678884
69261328
21507536
68339702
35418775
72009217
68553302
39072416
55340997
428266
34610348
60327004
328340
42010898
24577094
38966620
35348996
40363126
47974813
23206938
39524704
41767402
527030
40529247
20104075
72229109
29561477
40149905
20873898
43360484
32335617
34932529
70052595
50113242
37274669
29481275
67041662
23542861
62259809
43415965
34051977
26359709
67209732
20347813
44863379
28803903
69699156
25933256
22196059
71111810
69109233
69309428
69363416
60470172
66191065
20135296
72632588
28841185
48023512
43857045
24064173
40631426
70470468
70199910
50661205
53335633
46042960
20292059
19946048
39040566
21337269
38038926
72849271
29248275
22951043
21490433
22991854
72839334
23162732
27913605
25200115
151951
59203429
48175361
51049373
19055081
66251618
69950110
65982693
64999500
49178294
58869230
48316963
45243807
50673240
37265943
47953874
26194759
22180991
49981348
50996019
58752401
44561173
43411395
46243369
47599200
39959169
64790896
48942214
45362569
43469944
71550093
44483221
47076421
71542456
59761901
64790685
69944292
45039696
33070359
28714777
20176410
35281567
55514458
50657137
23801330
45775588
73119449
66869419
24327646
2656
20353654
71810439
21533745
24755487
60491794
53166624
19534214
39481800
20073667
19635219
20264739
63648945
48566087
67080798
26756320
35433477
50240895
69079175
26181005
37734585
66682710
57649822
46601121
50998698
50452301
25983355
30321615
67235646
64992357
61745724
61563970
44341665
69429339
360392
25260283
58100186
58789244
19454472
19132918
45450404
19003510
24838062
21225186
22031290
35263119
52293356
59183059
20834048
50021029
30980042
59643874
48959386
61466966
70439953
20349058
71391842
35125054
23262083
50574891
22300113
24344119
23052991
39856406
31236955
30284964
65382455
32751894
29743731
23522857
37443914
36408250
33000346
32955165
70039845
20263091
20105481
20756537
22992285
50879906
43689588
43494969
32972898
45852591
59383053
47804782
24492334
36655154
42740442
69499582
25267225
34352242
44070754
65073283
53858730
58972267
28359704
64910550
24160338
45159498
46781460
19274760
60779662
56944221
37768070
72291569
59371607
30791758
35042976
53004384
71191534
56914028
59900952
25315684
32507325
61020304
39092386
51167541
51516170
34621919
46058840
21107625
29220717
45168590
39266393
25409260
32955655
24087944
51730730
59183698
37966832
66443755
59232620
48409680
21778556
31630851
66352551
35213277
66459381
54389136
71261630
56814683
47137621
64150182
37314523
22253785
58678182
31664924
40189549
37085692
43709537
45449066
46860785
43166742
42999964
25785878
21171796
22071443
20190197
71860610
54997136
36131026
42709278
45117911
67629511
47103556
67245317
67022082
71453240
44090738
35765518
32208656
26338621
55535440
20026336
27483300
48931735
21323803
23282683
35513899
39829141
23762046
22246196
32761285
34283809
29719294
37751302
54400314
21384698
36010626
68219258
52317359
58720345
42736567
53393239
24242775
47117532
25108785
65179995
33983136
51116341
25312650
44449478
32753399
70521711
40290334
68392068
20351597
399384
68179413
39850361
30397505
29237531
47721778
67015024
48224124
21134855
42028252
52569648
64823493
31073049
41982685
42796061
53431491
47842453
60153780
51881921
38807793
59141929
58605669
20629299
418118
48385711
58767064
19154707
20666683
43564118
64820278
45439969
40590327
39625511
20278824
72052402
40434712
31149436
55813073
64813706
65041667
20189726
48393127
44576545
40333226
23483630
45758604
30968632
61254127
40772225
45962173
24964490
23894997
42080821
24354090
35182581
19848782
59653820
48445383
59753801
21430623
20982403
38328301
34072584
50967090
26814106
58530219
57300149
59420788
60637481
40367153
70011549
51649567
37106788
19492186
23050972
33049533
29172082
28394251
26075964
24149481
30969913
42050752
53283318
20544373
66250947
41797500
21060735
40876792
36406840
46699915
26855543
39554999
59138589
71440961
63611959
62589125
38963394
70143816
53740702
36000673
36339185
32540793
20284240
41931298
52121494
37490607
34011015
24474239
68061338
32221338
64100754
37858191
52782924
51461107
42652947
69149496
66964552
19422520
64797464
42881178
66630108
71051094
20774619
21521321
25390339
68620659
50782510
69983761
28754198
25176554
59719349
25451435
55812802
47933741
60390043
40418433
19885951
71881440
51761029
58319518
37600135
34595105
23357187
39860490
65020758
44024906
55089531
30546716
51457737
46113563
34604722
61053127
64724406
37485377
38785356
39562000
33011656
20903084
66133684
71002460
70150417
56959047
19271202
21034419
19896337
51663033
19194800
69780803
68250760
71932151
65220248
31123786
56551623
45665355
36725035
47080172
28589993
22512430
30053093
22252711
20018825
22181322
24557664
50948678
61141970
73070748
63159110
24226647
159521
50011550
26799872
22619212
46098856
33997712
38748821
41962729
52833385
32984521
23798662
45182247
28474610
21074047
30428004
64169794
45819716
24870422
22266587
23454825
22544640
26149653
67061780
46184367
48321418
49327595
52139
34431483
48409053
48081200
24986807
26827176
63594417
67234872
53304653
68062526
58929770
66253824
65803009
66854956
65161620
31546567
48146739
24386349
36092212
20219329
39277412
25041908
35740076
19886920
41924802
47609759
60198490
37558780
35119740
55377612
20183232
22668303
32352161
41339294
35119557
73099570
48713637
47188607
27893400
41289658
42715193
50697299
39629861
35078477
44625825
38323593
59796633
29683104
51727847
45782643
64993230
58200797
63959112
63459914
25060203
63659902
27724640
29419097
52368815
46436636
40561201
62939337
51971441
39987934
62232027
59962248
19672598
36662973
56503604
43381172
39566695
65143808
20522744
69419902
65840160
50652314
65149836
24021608
25552427
21022982
59930772
53383825
39025489
29683462
20444496
30004106
40415269
24236318
57100058
44493820
70581486
71582171
72839156
20803597
29602352
50465997
56370415
43114691
50009398
32841984
20653854
47113750
49889892
63592395
41658647
37534174
31121682
28965370
41225996
26312086
39078265
39942338
24666766
60807545
38934608
25287359
20413062
24500267
30660837
44363142
47096165
43114364
24516051
45082752
47982206
40330702
66802851
54549567
39791861
71619832
42061488
20271144
19588239
37505739
46579694
35345358
29619872
39712663
44145341
64110020
37149230
47158966
40926495
50238448
38347571
51662162
52010101
48621090
47642723
59318425
48594322
45545764
26438619
59246550
22614674
34706601
44831396
19780024
38069389
49092514
23572874
39702032
49253898
58333188
50649479
51775984
36394044
23443065
32401480
43489755
54440391
34369704
46781365
43175972
58949788
31510208
53730452
70180056
38344470
48973591
52737630
24056257
39907361
72330133
24824137
29240059
436169
26650948
19860703
53788658
56980298
39481895
58182031
22208005
21395456
48174984
73169652
39018734
24369969
46680812
40919742
70101888
65533831
29213974
43176815
24233059
28435684
40531420
33759163
45504931
32829699
22130517
31388021
42739283
29194748
24238137
20622905
67055352
34082663
58716540
31726217
71779460
45777206
40982127
20469762
22196727
35450027
37059090
21678343
20130840
26310305
23936501
21524696
41786807
19458807
60202186
60051306
29410576
39002784
40069812
32241022
43705602
39023492
63686130
66872727
62659116
20926854
46609869
65562170
50803836
42828154
47362122
25315903
43175896
52432762
60140368
40795507
68891495
57423495
41169809
51259201
35003446
50424741
19291940
47599151
49095005
22159516
50449751
35602462
29264407
61539385
58634056
43777460
51665606
65710299
25903902
39052476
47013787
66170904
20640348
29443502
45111151
35403248
41263919
30128639
52886823
61570833
56479970
31667211
28651720
46279611
65571520
47745873
45399177
49131784
23131530
45774255
23411615
43919563
70183423
70602256
19025265
39062097
59674705
21980308
65443947
69960899
38622459
50958460
53462005
39069899
53069561
68889965
19818497
23539710
23601215
38762475
19966638
31487700
31842379
23568704
38081694
277701
48366944
50736732
55039078
43167084
30614586
20426600
30583521
34253638
59531825
31191759
21826579
32660151
69781656
30349949
24052064
28333507
47537974
22375250
21462171
27901354
24372630
30231126
42959393
45807816
38655344
40460756
24680412
70233256
40182369
19099748
49192766
44314727
64750325
42791843
61653642
24881873
60240242
54329373
50857603
56329384
65880034
45859113
20256861
21723769
59862800
64954183
50431107
52754495
70142725
67259952
22037777
65952508
45191082
38048356
39834799
50173694
51061528
35194813
42016539
66102894
61625235
24997478
20282271
30392313
64981300
34295758
44120273
56493102
52239417
23426106
29590644
24701459
34221101
23373289
25059186
24873450
20674883
28942473
39319885
25134609
28388863
25283010
32939330
69042896
28453938
45396043
39014646
65551866
25030324
47038041
71289493
59795980
54988181
63309078
54441519
34879803
24067158
69794221
44092948
39288720
19376263
45797177
39050962
28883805
69362077
64818178
552504
45536925
28416899
66204086
36524985
48161256
46512403
39142156
52356832
20438080
26464104
19802282
19658574
30135439
30646631
65612344
47291092
19594369
45488146
23507101
28423049
35793705
50903088
24189714
20235967
73169956
34712216
40664881
28364512
20409436
35734387
29517696
63418424
32277298
56881684
56011971
29523494
20360484
50786701
24200016
29823016
20673299
286519
36962231
36970027
40181555
21723705
36319722
57640454
28909804
66450010
63662602
170554
51128763
56320032
58070306
20400805
45280454
29463163
19491037
37172692
38809624
68779253
35796485
19451735
20759436
49235043
71919352
72121610
19417682
67173951
64914193
40089369
55827514
47443247
71909240
35492858
32225533
32636398
35010418
21392212
23246043
46622328
55999506
30532091
50482938
35120846
34433038
20392507
38807987
28815386
21742965
52813567
66103685
62296954
45490483
62226969
70479898
40069795
20141913
48209870
73099698
45438747
21276482
39824761
30893810
24575138
19926198
34852403
26711843
21248646
24671051
20038473
28793852
25804748
39154685
48024422
36599411
45145384
41640542
32835613
71813073
27761104
67950388
48359886
19937992
29552921
49092977
34233777
49323455
41947373
24718151
50174150
31421671
31450154
23165059
67921395
22180469
48132326
40764896
64872683
49071598
25480541
34352323
47982020
32957849
65003312
65809749
58454736
60632186
40749909
32013450
20129178
50894968
37259142
35092878
28847587
36141738
21283199
20890089
19416165
43320440
24200128
30661767
32352076
42743472
30280528
19763396
63639061
45110637
20384477
67213800
51970280
40752295
49187269
55861297
63665973
23812856
61821980
40851105
28601010
40695140
38331648
64349091
38297884
41797212
30196000
26098555
24601369
42040689
59984401
31276541
54875687
20649342
40843391
61598752
19202117
30513895
19208663
58750297
19912530
47116563
20301234
38060072
68249082
28660480
22488754
56003058
59131719
25133304
47821597
30357488
19533260
45414172
21400277
22629128
30234782
36419280
36889432
53165854
26436236
44075053
52414591
21080086
54271777
24391428
22789794
40564245
24484612
32176336
35223161
69894376
60254696
24914866
36902668
25027473
47302369
48663884
23594009
27921354
38237282
53913015
39998897
36754762
44373854
37872936
59637260
24313758
41936815
28401339
22189599
44774084
22884280
50780506
50803322
50791475
23068063
41189756
29597188
44664050
31816524
32990425
24054778
22906911
27804661
28640842
23630654
35193912
568629
10077
28725693
20964624
442232
25104341
30125892
24934464
68799156
24560785
47165178
64875957
66339664
66640371
65603610
39209447
67589465
48343724
30204838
45561967
19312758
29595441
46157582
54362715
20393643
38777651
25082205
40092500
63959618
39703531
67035341
58643242
39722406
21336394
62099172
58320114
43664583
47763737
42652010
64121502
49042404
24228874
47763988
70152884
50685828
31430900
61125781
30942872
60278899
65860910
26637319
25957275
48053993
55404893
19052758
37555665
34963130
45199146
36482583
48372844
37526237
55425485
25472653
32363926
40378541
71370687
50124588
57332735
50023002
40919874
55679270
24890974
49789490
67942447
20658618
23277055
55995109
20217162
24509575
24750020
71149602
19664777
70501046
25148628
20122299
66973704
31476180
47361063
39235871
37488185
42252783
38860516
23571258
51146063
21778179
27330918
45841059
36521906
44021915
32619722
50073055
69752331
68621372
42080686
68750477
31246420
36733090
25785077
52289432
70430613
50557309
29517573
24801472
32451625
45632843
47602117
26045915
35771374
35317451
22227604
25462364
26806116
50212387
32978075
44473761
39855934
59394250
43547080
48358041
47789392
40769350
57347710
43944709
73119960
50404262
70439764
38292477
46221741
47617463
92938
46153365
37482052
40200739
417892
51570952
25037370
42811403
44581136
64620226
45099230
68622419
41288577
32897892
20520943
40687609
67034358
53497170
68912126
61890658
69920988
19168554
28520438
58371236
40791265
53828765
69012752
34532123
22340055
26213682
29593176
48675389
44463239
44580893
40958071
40971568
63840001
54837158
43618364
48931003
32264826
42712491
24214897
55351731
25974074
34048174
39051217
36770259
63547475
60894656
43642789
29633363
25736200
48551366
70459823
36632281
27431002
71160970
22362836
50469276
20687518
41775311
62390585
36070180
44684512
36795912
31303463
41692923
61960342
32153551
24650028
37349642
29175564
31716698
67411126
30912073
20204578
39908334
45194339
66479268
72519228
24668398
36737785
45145742
35373641
51017499
38643066
19713205
36460467
55425409
42791058
35932284
26320881
39907716
225594
50555227
54820462
64867240
31472896
37861534
29753146
48336665
54921766
54847001
22457193
43191477
44572177
28431488
31842846
19690809
43997402
39701886
50354156
36131391
40511657
67942376
34390158
53749011
63909188
44262182
60658841
55835941
40564682
34597146
50162222
34619441
59152238
34860199
20303933
39601957
28940040
65069646
31443154
34492357
58659674
61183676
22288963
48536342
65501511
53042001
47014999
26697332
22525117
71430310
40999499
24948423
534131
51064492
41766245
36644895
47501036
31622018
47785713
37756011
25258613
31449868
40855525
45539728
45412872
22763621
44943256
39485293
66613608
43521535
47572627
46183554
49236979
21793911
57296537
31727844
19100911
50946125
21623099
71550271
44454369
65919257
31196158
50721324
19958964
19307616
71039805
34983719
155238
45737345
45179472
40920041
30184783
59020471
37150459
22328535
56828699
66512029
51728787
22012319
53559298
19439709
47842307
34081293
62280030
48062506
41763765
26074351
20159554
23534684
32273555
24058882
19316352
72341116
20617349
50403640
19238042
25342545
57000422
20226372
59981430
48182366
21558820
42769656
37067246
36900671
47146855
34786042
49238691
39534619
51485244
23567781
30890667
31336410
29227154
22365166
42240469
22614147
66102955
67420371
49780517
51643078
49130495
37043947
68581682
37519043
40852045
69349484
69471965
51137615
35274408
21784059
62265064
21529383
28881683
69792931
21256086
45242331
68930694
23771952
37531025
22258532
46412997
20082075
19944876
42122595
25305320
43752915
49720690
23382090
24325911
26042250
45114983
34986074
37939161
137600
24023305
48722341
51565502
41892698
46161119
57412649
50961301
26713579
35699464
51959498
43450534
176174
34823938
19771772
34044205
30014110
59153151
42779213
280857
21244210
61575687
69192658
20971842
25489151
56874556
53084984
31804017
28860036
21308411
50011686
68072851
25765847
38301237
19429005
230448
39940530
29650461
37543997
38003733
39871723
33379356
72901593
29792840
23127037
70391295
50844970
30658420
31634415
35799809
53944322
62223674
59529737
53791108
45429907
37031005
24918097
25344686
55999403
29644897
72441880
49261418
62252210
61867046
56463068
41223452
38875309
26078362
36210038
48082889
69960260
46431697
32351282
43661182
28831676
28740754
65133917
22015076
43564062
40732472
56435270
43642929
70630812
46040980
33800317
61767369
53777459
23175632
23018289
50118300
31310172
39081281
43411741
32254441
61969011
60074760
62560286
38922996
35690769
53854765
66855300
38027394
71372141
19112145
46429949
38199256
41279390
32741252
35162930
20637865
40247179
34549470
47301972
23251097
55837516
29465060
29188485
49801046
32526624
33051025
38691583
53884245
45753735
47959497
68902934
59972729
57335828
38622796
70591932
32301507
58623851
20727328
34613335
52307400
45674039
60820998
37233079
73099522
25511849
39559407
39484471
50264589
55515761
20416908
52150730
21645033
20682409
50359824
44841765
21888629
31966687
56961439
39755064
21949136
47588585
26073298
32802350
43110254
60717293
65054123
22841255
61550618
45970797
36574001
36041243
30089569
20098961
37181857
22209186
31681121
22640711
50789969
50070946
37754178
38265192
20895732
38983719
50891439
53620185
42065360
68963001
21447915
30101079
50277473
20826534
30927513
48089696
49260072
58391481
36731024
65649566
50834540
43161429
54400043
21083460
41179863
67192459
44430289
32862431
43595172
32585807
48410214
24110829
47575257
35078511
43935713
55109099
70019334
63551751
37282885
44544601
59661570
54291190
24234182
35115986
34123787
65063265
24628665
24889004
34432128
36382008
44115802
61091433
61717886
56899603
54870498
24096650
59315042
19402858
59779185
47118479
48171272
35403058
23763366
19742469
55434614
39059191
35703355
20885296
53836761
26433231
59470810
41797622
35344939
38719615
40293711
19417672
21932108
23858519
51730284
20981614
47499716
39704703
40860449
28735631
41213952
35371136
20701839
52337381
25953060
21801754
23814698
35786788
34089065
48488161
65919202
21978359
34289743
34393571
31251610
47084919
35723335
29782538
41973481
23136952
19306221
42250406
40301535
27798831
65161680
35784383
30398937
71191040
25095925
19281976
44652858
40932037
28400309
22371130
32845347
44339453
20122936
56830013
23142291
37241077
23705057
35279440
51615553
25291678
45123219
59409300
34764162
64669411
59570126
37174026
41657262
36952539
244113
39156536
45476888
39839744
36920172
70439634
39340014
51902618
57441049
51116639
54261871
29315146
40190771
40282539
63663408
52230247
20479138
60629826
57280588
26737449
35767205
66531583
41897818
56703822
69699141
71599233
24819919
34952587
50529403
34715014
5209
65561878
26866201
69842207
47095209
26815882
19368816
34277632
32969037
37539250
26457465
30563611
28906668
70979453
44431752
65921071
53152346
53962891
46146719
68940866
63869384
57449631
43567402
53886815
59690327
37764941
43245933
31201777
26763524
35050978
37136411
36476651
23103464
22526178
22098597
46320077
32570724
67291395
24653139
26406621
47302355
21314793
45176374
39555677
44912828
47557784
70239315
41344461
38042881
46048018
48653074
24429011
68583129
37074541
53432262
34623652
70349879
38370232
32389755
43412394
70089426
68501914
34539681
65780299
26570534
69301852
30223728
44923505
56412038
47102537
65240483
35125363
44474195
64724035
51989579
63679740
33984703
50811679
40989337
19291964
40301074
19101255
31243554
39756363
40941270
48725818
52765220
64763071
63969268
68159212
36371246
43085098
65859559
43104165
45842798
39740107
52681142
64810790
24559867
36417427
65569561
65780669
44541798
28704981
62692573
50585503
68950057
23528112
24398812
53073806
65701991
43660565
65912438
66423803
64319644
25892956
29174220
46770074
53730155
28793679
51398654
46312660
45793711
38887508
36343321
53320913
48617384
65870735
29431325
37960331
35753961
51696413
21102183
46643279
38977320
63456247
28711611
51706066
52413419
63586823
25211656
67033453
49480179
32770040
49342754
48650220
25319396
48101890
49373356
36705271
25327432
35364244
41797719
45189347
48104336
37467650
51807056
42810552
31107420
45813666
70481308
30376242
46071876
54911171
19769359
45025653
46002636
45289574
24685989
61161061
34069166
36939696
39746344
34216152
63553876
61819868
60533530
23441043
51843454
68672837
55345073
36001656
68629542
41803328
34183505
27776700
34973907
59797790
46122929
59891923
46182655
51279204
34239970
26075350
49961277
56946559
21506934
65812863
65761901
70133428
28919525
26589651
71129970
32260134
40283122
35690202
40850821
35269507
34389233
28781009
47510773
42752154
23782732
50233840
48632758
44711378
47537898
32232261
22949444
22239043
46639670
30606245
45225171
55878918
23678774
43645172
44183240
159088
38383828
29256043
40965833
21002668
40181341
53282802
45773126
59979350
56446509
52387535
68131485
65841804
71652147
28770485
68612437
39235473
44017706
35037314
67209496
34869711
20050177
51530184
63589640
53850663
49135514
52893599
68271519
47180727
37481425
45554976
37957686
51443818
28611703
44821887
37805869
70330119
19897371
20388412
45498553
57649743
20962248
50144629
50617774
68132248
68120647
67381327
66083695
55323215
70200430
55314121
50874394
24957043
42191194
20524278
67501431
68741411
34982268
52804534
29225470
51776884
63540466
66290401
25877784
48627311
40582353
66330030
52702306
57473652
36749392
54960026
57495009
22599229
60163957
62309635
34674015
36703636
47852213
52795667
50733606
44878332
68572364
20344098
46266438
45667299
21450504
48659808
41871161
49372704
37242842
63488310
51634730
27090014
38834270
32257978
46167067
70149563
44663328
20047834
70183016
43340670
28845780
70650083
46138214
27209933
35601796
64660373
30429969
47136662
32914341
39691890
26141222
39509643
46300121
20019172
47617434
45204940
24393353
59183965
68500745
50796461
22099791
156611
43461351
53361458
28419112
19738519
49470546
42081267
25945203
29405190
45589670
34099798
30812413
35068462
37321199
24852313
50504352
48672441
355165
40935278
20354595
35541685
28937703
22855756
30602693
38713833
60167107
67983408
48687352
23750602
524485
69342288
51952404
23512284
45180884
25009143
58722712
21397754
36722488
44415326
40018299
32699471
59312280
27460612
26237279
20567469
34990037
42872461
55447426
22469651
46369462
40244700
28640419
35301048
61755399
57249109
43160677
56980949
70243598
68240196
50182647
66552165
29565226
31289911
37908669
62129095
20688938
46221893
24474671
20547502
43454646
3928
27450295
48121162
62364066
71140800
48183750
21439434
38938545
27384176
36477129
30246396
34750561
51103961
30812504
41689293
25833811
53509947
34580933
61278617
35200605
52895017
48694068
48442866
53393672
38714833
45807928
196454
20688028
23862445
62554317
38699641
46275522
46600858
53267195
558833
62304039
32891092
65433596
50645393
66080044
52380836
40648110
31497019
47992385
34696771
64649749
58323144
59511404
56005901
58152753
58628237
20474060
27734270
52823575
69049118
59419545
38850960
54349500
58391142
35622323
41998945
48439907
58153431
55525947
46082910
48314338
20083548
19478011
29228017
20616758
27683243
19326763
28454336
36100051
37277065
26210665
29130154
296678
21911338
73099728
19944591
21600556
22465516
22028158
525607
49208816
56351392
70039839
49091704
56303361
44716590
68661102
55429316
23981926
44613112
69951399
30878181
62059145
67236104
68002723
51770769
50900325
66530144
34382336
52984330
46359125
44704766
37844794
49321427
24655336
58872871
37871729
23372090
36449671
21827072
37049373
52731778
36363893
61290005
24664388
59117828
41752755
47610663
65193896
71679385
48485413
25283477
28809312
42989882
19301575
19029722
50975936
34193898
32549621
47134830
68241530
38953209
72749254
65199369
43860502
25384569
30589465
29459190
28437761
23005931
48089680
38690189
57304652
43126439
46301349
58617647
36900560
37383079
36451971
45213534
40783534
44037973
22821871
53977714
30553831
29268165
47592726
47490228
32446223
20617794
51120442
45603711
23792820
68662390
50947715
43433961
30003068
28726740
31191616
23780784
35368418
21893827
30587585
23306884
22560153
25201178
35430470
20405187
19534197
20769245
21267984
58754471
34634942
28784023
69799730
48115692
45186644
40267824
38778910
60309401
64854318
36463085
47778500
60286744
55515976
34430927
52714072
26835546
53825932
30966002
64170425
53290977
28958977
25748059
25095170
45330528
23396357
46136413
23744231
59629717
40289345
24879443
19934728
20947631
51435300
21714894
26174144
24368288
24229209
40374675
28967076
59439643
31732141
26631077
48600097
37069576
50780349
39122006
70619340
65359280
31713890
21197697
20903418
39943122
46166532
51785971
65420370
43681151
36400912
19393212
54262766
64882251
21364210
23760035
29631376
66694009
26473254
44918460
25256880
37499889
47554586
40592259
55362832
22328673
20722546
19881411
64851012
32854535
46400033
34121453
56991940
19936546
36445910
31659488
20767866
60114669
51668364
48336835
67949734
42230442
69141848
46612493
70192070
40981556
46992894
53418056
22115849
64892022
43504105
36372930
23072586
70199742
47717540
23841530
22111860
19768022
470019
24182295
21114602
468483
25853549
35323505
59209666
35455434
45871200
28916659
19945839
20521233
64754514
68339561
23506202
42833412
48712165
25976681
61083164
58605221
62333513
43958970
30034182
38841387
25061000
25561287
20997099
51484144
69924110
23794939
35419960
26617489
19576859
67610632
32990511
25244952
24964961
56911685
39177924
23680543
40856608
31744333
20790675
27381301
59657387
45541
53320794
59491862
31257146
32892809
23989728
36020417
45823750
19791372
59490828
23050976
58053346
25513576
64560457
25911038
62541957
19757722
433872
41324007
39189323
46434715
55794448
46543101
65362502
50595247
27393431
31805045
51731718
56579169
67959190
31322803
50274891
54834646
27862594
24176612
59665056
31577410
39690135
36402156
24563047
41755474
63593056
63543461
50733648
67104245
68252550
34295308
40758280
31620020
32730103
36726378
44512016
28732929
44790000
28404467
31480094
47959236
62583148
50691491
24848422
35275105
46240498
38342837
48934799
48322282
24545892
50607958
44419532
59269392
29527776
46880665
24236815
39680452
64831905
21308432
49669883
50263436
42030759
58342862
23974526
47122146
29542015
21499559
52367611
31541234
65002846
48383168
34223701
53444569
67370494
24456786
26250473
44671761
39568794
37975629
35273392
21468569
50605152
42879685
54949555
70489929
41768972
52836012
64877187
67549110
52832337
24073175
49689770
21321682
52813312
62273148
47685068
45460123
46032159
64810118
35798577
35920731
20426883
34197982
21466334
23409025
32663926
66112853
37082623
38013891
22954037
47022472
30397186
25529384
20503692
23670490
25045727
41849119
47619997
51572143
22697464
22019883
25620629
20370951
53145607
19602822
58429457
64741601
65029113
65294620
52829626
47960213
29369426
66900551
50617484
50703784
65452447
39470151
35969309
52382037
20759527
62226283
39599971
59894045
34389386
68840007
35364264
44482451
32248534
71249445
29217150
30470787
37143457
58812328
30418678
37500085
32977007
27943972
63514981
52384727
35294365
42971310
36640718
19784020
37802509
43390493
61367343
48101136
65111050
43932301
35569304
42251063
37858138
54471146
62119994
23729786
19028622
21490188
210022
44555814
43119889
50710053
25268538
40010951
67209901
64659885
64440728
43117518
32246293
45484487
45205906
31941145
66999442
32000336
28450144
65840842
29208173
30201632
487850
68369558
67051555
20542785
49222050
42832098
20545020
20445213
32641423
40942454
40369219
32642398
66463625
51981135
37772667
54600165
37938501
39480448
40879787
52361304
55506713
23453297
61976459
66193946
56979245
56406073
39185722
56368710
19290094
22928410
59850927
38787083
28599147
38599481
39906143
24690181
37420799
68671108
72839195
38240648
26096950
42824204
27300813
28532068
20008340
147512
36738273
34201558
35665984
19788667
39582747
24417089
51743656
30850549
47552623
68760214
62299419
34632161
65663566
39967218
46039951
72839208
19267440
31603890
67549124
40923852
53570222
20273479
34184999
32042555
59949959
59952262
61575117
20290158
23845977
69140214
66663970
35695470
68420546
36760635
29683269
34360646
44856938
34637657
44297983
35703679
43420687
42776886
49236498
25404940
46181048
51709191
41210585
53901785
29539948
39064383
47713202
41926648
31110691
49882493
66729554
21780527
37020939
30452190
40266268
24209444
50939659
67010919
24688791
46929197
58624233
64874131
37862485
54619105
39140303
52141714
30004618
59521906
22296381
42024634
64793866
64879926
50462322
45544895
52081802
21814215
21185325
45619927
39720833
48134249
26087954
71809418
60010096
59258075
23465874
56017132
40682438
21809374
43636110
71609451
29361561
32413612
43496198
47904037
69693365
21887235
43085059
52734994
44383944
53025370
64791290
59786610
49375694
66463857
290097
45234395
34932387
43139574
35717962
41348194
20360600
28804201
39157744
23871678
19106106
23705561
32774681
34167135
58619037
45460157
36070512
41642080
20112044
38439651
39875671
53413081
67460761
50603781
37778479
36694016
32803921
26663132
40759558
65479781
66879213
37814183
20674870
57290345
39686038
38314523
36419596
29811701
53269818
28950660
21443143
53030136
40009360
58683688
35658891
35652554
38289059
36920150
40581730
50792747
25165533
50334162
69759372
30743492
153855
30578249
30063611
53337656
51979955
47602010
30573706
20746287
30608167
53837694
62385567
24539638
37502437
38975662
41991251
37981930
64599289
57611836
49980813
38323561
45346084
20869093
58220831
23935722
29302082
50679671
24892801
19469110
50585349
35074270
40384678
47822435
69757
19018334
29771076
47971852
59661311
45769720
70339409
19976780
21074048
67019329
38652712
28750806
41337820
70181029
58651605
48944599
31744453
32671005
48716953
35504032
29308354
21631494
28910024
63679655
28949597
58325543
32263131
21772892
40316194
36611338
53166090
37523263
24465518
49979812
58990880
58801499
70669122
33040458
32976139
35017954
26055839
37529455
21253719
30402330
25774170
21469671
20560271
23081705
26176517
39481857
66732545
41324667
38360366
34010428
20568157
50824629
68501183
20966302
25036448
45597299
48717760
50689238
49200674
44501481
26712985
19068720
56069386
73161364
20472456
36798088
568738
34246444
31097333
56343067
60270077
64550421
39947786
40926214
46133612
26610227
30525888
19973135
44836991
31293706
23826080
24836851
39232114
71541041
24654748
70562565
51051680
28458686
21109490
52384832
60010176
32201060
24470241
64832606
56621861
64804138
66689939
41188631
69754782
51438533
39641326
24816799
46107229
32404991
43319648
22327361
47009855
53943832
34203577
22831850
31973497
54805315
37998843
32699824
30647675
53561191
21124259
59000905
43279001
23847220
66351977
56858477
37803617
20844040
50183492
23193885
41227750
49333662
38050063
34061819
45342761
43708761
44085821
57468904
34065022
21464183
41977662
48595161
19582170
53055071
31278272
447389
23780193
20201940
69764598
32261050
24275359
31641420
23460685
28832014
35096254
65190703
36791247
53360854
44906240
47123690
24809978
70470378
51646051
39147016
27768208
41329782
47360981
64120280
38761495
43641121
41050669
58625578
46032268
47372427
52081593
36464780
39540624
23766394
36825
43472583
28733274
37447786
46469413
24444660
21904518
50635352
60731811
43784983
295550
47292185
19649024
51102232
29433410
19197909
21078520
36393971
20418097
33360802
24984777
28682423
22049822
40379029
52089219
22139763
26835949
70299531
36466292
20929420
43249241
65909569
38277897
31951252
51063034
19861340
54510053
44702096
25234168
63980100
26570985
40300109
40977024
37073201
51961445
45096502
51511326
25814251
32969688
54864917
31833655
59204373
19717272
498038
24300300
51033113
24570989
22725152
29296969
69623069
66801314
51680134
32032864
68599985
69329566
24852323
54649554
48030898
39689374
37142651
37159817
40754967
21251382
20908252
39544535
34623531
41003036
30046924
21879435
24454540
30510887
22332602
20050880
30666897
29682275
38332158
35509491
39829428
414457
60212439
69592898
47116278
71671037
34660825
23963182
56432817
68090538
69970522
72141941
44683777
29277895
45653868
22791176
47041890
29360304
21450798
70679103
32895198
39493260
49247509
50716242
45105806
68520705
34030436
63552774
47762059
52774211
71200985
53481655
22817905
42830897
21537573
50719575
70071266
26145404
29519238
58792497
30231229
35950365
39094523
39484943
69370945
47826928
62605647
50353045
19320963
44494105
25844822
28410078
20549004
19207615
19802271
46320735
25376734
37460317
44324949
50654949
48322796
42857317
20123146
55905442
40019735
68131278
67055657
42750827
20204843
35413939
21301892
41233441
37179464
41772894
48330333
65361735
55466266
27303994
48398746
31017313
31386382
20525054
27696568
38794124
35085318
64359155
51989248
41656517
37265517
45649700
21625373
50654117
59837408
47798459
66762143
25807598
34450958
497603
21577580
38771478
45431648
37000984
26070431
25641144
28817919
19087591
21809799
27424654
20243152
46649098
20462304
21218571
56975417
35161899
36723529
59734299
39122524
68490207
40864393
31089964
19842680
46376611
34082503
35559772
70060114
56990950
21457304
37097731
38014173
37343027
52884758
67074651
24514428
37277344
22031114
44827341
21831250
49285500
58599474
43554634
39826621
22992290
46840093
41737828
54835728
34542100
40276928
53318183
41649593
53416431
23822013
45296260
19736700
45138031
61724669
57322139
64669276
60519356
62029748
28331610
68350767
50658870
19184825
31820278
42013308
31811841
34722484
32532121
35788421
22621368
45714978
47444933
23254332
19392167
56569895
44957355
47492841
174328
63636397
36379652
20766512
30254961
28872211
19352928
28769987
28467828
35272365
22738885
479928
22529906
47558027
49249718
71640275
70092234
70062793
66242141
39017002
43525008
68720511
20652797
57507756
71890468
26589524
23780693
21118298
20163538
19998831
21823216
24530602
34962826
34640031
22994913
59858912
69142082
52724964
20954879
48708125
44189055
54903502
51990504
66763211
43542411
68509151
67750185
35880974
45563863
49256193
46180868
60712975
45533978
45544012
50162315
21215170
35280467
39054221
53105052
49539902
35122184
20726718
60039427
35436834
20918060
20929011
53126033
50000987
54459603
52301879
21405944
59540738
34825252
29634575
35213946
43154642
23738135
67259456
57017814
32521071
45777671
44950637
47083884
53800777
23718773
40671813
25149789
44185623
66822239
22572896
243802
44017944
21599199
31515901
45280063
48299110
25354794
43629847
35173445
59704483
44665071
55469042
52150167
34318474
25344968
21819557
24917048
48544043
21275406
59115548
39516281
70183295
38233631
31704783
24547925
34853719
61782172
34892038
46180386
22392792
32345343
19338392
64726507
51940028
48642237
29644039
45970120
45252886
47605235
35018273
69140438
43109730
41923022
56406455
41965013
22560417
22114359
25894637
42832442
48335217
36751762
44733734
20679308
28950384
36521950
47694311
25432383
47279341
21037296
39532459
21241387
46791202
44901996
26544720
38840588
51698184
454768
21593167
50469399
55866586
50282913
34711911
44239978
47563117
27758193
25073506
58360669
37375570
29179499
19882160
20200901
19540989
60273435
38806052
39537987
40231950
32902432
34131365
37141690
63517662
37022032
35745464
19594954
46074302
19607746
61453498
23472005
36512681
26057873
36552664
48492613
65380766
39002911
34737476
51706005
30242325
34110460
31029348
37797397
40758030
23607693
19494106
30082357
35204925
22352606
49195201
52339866
56361736
59838216
23706223
38894205
67234901
53479186
65580524
38987671
24113446
44641864
36370043
70492113
35304170
36701553
55360219
32194509
38180603
47843945
50352314
51723537
39823274
34995591
22025327
49309519
63528278
39069146
37487552
57659206
49273432
23057383
36971839
37053469
45601408
21169155
51774723
56795907
25847225
27310625
38633607
19291736
51953365
37532914
58609532
56487322
41240040
55847990
19231369
38872235
38679911
30544440
63565194
33329120
59062673
44238823
31184054
62250641
50134984
70160362
30611464
60173812
25450915
42951492
62533327
40832172
39915368
70299143
22643040
64869808
45120753
19208191
43899650
51112499
65562523
45190595
38119556
39072328
19143170
287476
20006599
36879330
21943062
27406560
45635120
27799858
22074085
22042121
25922203
66929220
68929151
58429348
51756919
21164007
72101580
36891896
46414002
28447759
19777265
29720474
39531350
68639736
59673801
28470812
62644676
64140704
68661627
59172440
65104597
67639595
53306220
50384480
34573926
69129639
65829516
19169766
19808282
64883873
39924294
66974471
26102326
40927245
51016111
26242137
21273809
43019141
34983385
20784922
20238566
60266664
59862579
59982558
68510652
59133931
53303409
43559886
41211720
37120620
32781980
39573291
69162827
53460921
49171289
56349465
66602010
21500602
59529344
68022133
59434074
39178445
66612553
27669982
50785796
50901223
67205647
52450358
34289994
20636465
51421917
29235089
54838030
43587044
51154786
61715267
43995943
30845078
38341325
51067043
25561710
40440801
38351310
70019324
70631209
20205063
23959845
28876608
25744362
69190903
21881295
66922552
24363759
47766899
28500265
39650829
42651319
24041823
34662900
21185238
48024282
34777170
29723631
36229918
23729463
50696047
47339523
38822055
22078108
19659410
30280630
39609296
21119276
59194641
32919627
58343898
27171807
38980361
22263766
20604242
32966995
62209328
46609377
66350707
55484260
41923663
26329648
71390219
36450854
67092813
62605069
423902
30812493
45351720
35393113
46380991
60200130
34095231
25935324
66463233
70050021
42163945
57439601
31933421
20123181
20125317
21156367
309355
26809263
20133562
53105953
39769718
50557432
45144443
71899438
22171129
38243622
28898841
48240783
37089775
45106498
22707668
28410103
46541066
49739846
52140668
38298241
20240853
53767388
59879824
35930395
23928916
28372195
19855457
45709615
47715399
65653205
65710149
68709114
23981866
61421285
66513609
45735535
50461508
59924757
54951819
64440918
38602666
45851489
67469775
60581985
62602837
52717845
33070097
46125943
31576236
28343084
34240867
52299224
61646913
66331149
26114424
62100999
61101964
53450167
69852387
20705360
34303194
45462887
40449301
48531431
29238263
28764663
28945211
23135320
52993646
71633238
20446021
40250410
24595463
61032482
35545217
18989800
32389303
30520536
26065124
35430249
34751725
19834279
35219358
50383024
35436373
40033773
34830692
19478654
20008087
65279856
51039304
20366036
39722312
49000998
51757054
70781
127943
23405807
19883426
27794325
35329880
39304043
34063396
30217564
36752715
46036136
23165121
38810295
67891141
26226508
31116162
20578844
20016647
50947314
22018802
22468231
26409742
44584246
31011886
44480518
36570454
23214807
42852170
24423001
47679472
68299960
40385887
43505020
24687770
67931534
50637703
66401876
46112046
69222792
39135989
70579841
36803056
51668915
71189836
68973888
25659661
46520185
23005872
62670319
72941308
41207364
62369014
33029250
51693370
45483018
65662791
61883940
28429815
25929174
42663485
38999293
34231583
30974897
37878765
46622142
23149544
22589512
47640855
34933417
40027534
35038158
23800411
20824687
40742129
31121818
36839653
32724595
44271281
25774215
21216162
22767634
48090774
27410095
66913649
20390753
58102649
65589743
40360830
30067060
20523246
22829029
20398369
32040909
45029209
19367906
34391408
41712391
53875749
54579500
64904094
20034507
24297438
32574081
31984188
35682339
41683936
47760055
38377249
70359292
27803512
50701668
51582080
31634770
42811960
32371650
37773529
25254123
64899312
65740989
66730215
65173339
39340328
56611258
53941222
48648915
69099226
25279396
35220891
35355390
51685097
39796929
37478828
53114844
32876083
66972825
69420507
30211607
41264128
19206629
63440253
42001174
68242547
24927892
43957683
24007703
22989667
40351359
25405933
69769972
25418866
40232067
54450972
25563286
40559194
36122220
63089177
36740517
36522621
37340141
28904773
25238769
21053166
54995476
54069123
45188706
59403239
45737131
31714767
59420764
35380844
26394842
24530503
24634421
39530808
24482899
26696070
21658406
458576
559598
50842938
51485357
22603995
29720938
24474999
69243211
60907622
40856158
50274848
28669579
41170065
25013814
40432644
38781101
39992385
36950466
22024717
31094748
22460845
60191064
39013902
30251526
40100827
56752068
59383504
30086530
48503518
23320227
22745795
69110034
71041241
38797196
49337943
49335996
59011739
41726641
34332355
61454683
45484339
38933638
39996182
68963497
51989535
51796687
45434019
38335986
47111311
38664203
45752522
51452118
48195246
69831906
19305991
67469712
58404087
65092204
51733708
22366913
48649794
59770318
60926779
29809774
38917675
24363126
64806163
35759327
19249532
24089685
27529970
25932169
40271902
60101399
30851061
32859926
35403630
49303324
30023534
45381153
21978015
14595
35870738
34577046
66273278
29241824
27270271
43404619
24688105
50874574
61041585
24500099
57448302
55796144
35673578
29515267
33049360
44519643
66610325
36351324
61363645
25876591
20527254
61871664
30923831
38742375
24839990
66681309
39265188
29192838
31451318
36059584
43869904
32235925
31257494
56297311
20057083
19910922
59050129
32719738
51052266
63461853
63460651
59804193
48607483
50113635
46179116
23485320
25872471
57321747
45502132
71289264
48334804
23325179
20325534
39948637
22016436
32175219
37071211
413190
39985038
24518877
64539679
26697376
53420757
43184489
55336596
31597207
66281063
69673258
48641826
50885288
27311578
29282558
46169098
25366938
24987630
47389869
28839599
35323201
24385117
242552
68037
45316242
19773911
32191484
40272282
65430595
23247485
24634937
25439325
42909968
21042984
62330776
67073792
34873514
51493049
32834154
21633477
30480524
70400926
48459931
49003493
60744799
20501670
59242708
37902563
55458177
30539105
24127983
35019930
22085667
35521674
69123410
44076585
48949682
50699350
56450492
37164934
23180124
51765700
68799250
65190714
48674036
31141049
34617972
68269524
21704334
21370643
41762190
25245461
59290808
29680586
51654645
35058003
64751508
43415859
20454742
37320547
70173332
37290119
41269898
25510856
66921130
26141
46559921
21135838
21150170
44484109
35076938
25748013
71599490
31258957
32028202
55522570
38311008
44269347
32159996
47176089
42891154
29802114
22335593
20939128
61643989
64841539
20333580
47800740
43636193
52707108
19322964
44937506
48430022
40293596
64290365
52419669
39092946
51520155
57070075
58714932
60155831
53378524
64794155
44561129
61576865
55385907
53392630
66049591
59717221
56988782
35872405
33051974
39498017
20389205
19169304
45315012
43486388
19196019
22501388
53580141
44249283
54349686
37561292
26147110
20499031
22030070
60124336
52320700
56991374
26583567
22557032
39168315
45585203
40630643
42698097
47794981
56985072
41277760
50663381
38970903
22781767
34881216
22921387
38891706
50868792
39654572
40702599
44318428
20724309
21045253
48133108
44612941
34265363
59482627
20627037
37388505
47743426
35861614
25925262
21419097
54806425
25519356
41843
21462616
48457220
34725785
45781108
37639719
19841485
25200882
34205783
48211151
60052207
31234431
52519082
30369975
61109234
27401924
40520173
26660730
22483476
26694389
22579084
26651129
23144035
25743710
27259227
45519722
46076761
37809346
37858964
29567444
31973787
29753239
40898999
43982917
44410378
69820599
51775962
61670551
49739978
25067656
43132845
35074953
44730195
65733511
35630624
43351194
66670583
35093447
56804463
37455146
30193996
56835834
44244863
24836819
59152882
20003399
19795230
19392573
71411323
21770663
30940369
71459416
64779124
24235422
38771806
23962653
39800161
20882249
72741035
31433127
38209317
59722630
30529015
31926463
20502389
31623991
21801710
44724705
24154413
70719296
43082868
34007359
22370769
59776819
36511693
38925810
20894754
55453345
28681140
65941378
37465889
65193841
23176702
21082483
49961697
25916095
24679233
45634137
79770
52382523
33121509
47674930
34173542
24535551
51799867
44955780
43736405
51104942
45828594
36091054
23775293
34953242
24818971
47016310
56931533
32613260
45507228
31587054
60080164
19943123
56975858
19943408
39679342
72749216
21355680
21594423
26473965
20576772
45599646
588631
60848974
53581005
35234851
21239439
21239229
63949644
23228521
40672660
72409418
41807269
46531709
69511049
36930882
20786412
26579565
20834312
65041072
47892415
61744239
436223
56563312
25357873
22531816
40542459
22106311
22936712
395044
32952972
38980738
35667502
21493621
21622594
71049722
44016515
23494916
51066545
19881043
36199139
36460808
28968597
22619687
23549475
50515989
49940000
47170306
50489184
30016230
70359779
35931626
71563218
47121885
39106377
47009308
50914827
32501545
23402458
19216787
26441423
29830967
39648668
37441488
49024978
